445;444
445;444
445;444
445;444
445
445


350;448
350;448
445;444
445;444
445
445
445
445
369;304;509;321;216
369;304;509;321;216



449;350;448;444
449;350;448;444

609;59;478
449;350;448;444
449;350;448;444
609;59;478
448;445
448;445
444;110;350;620;216
444;110;350;620;216
448;445
448;445
343;100;464;354;451;425;216
343;100;464;354;451;425;216
354;445;7;76;136;451;203;424;216
354;445;7;76;136;451;203;424;216
354;445;7;40;41;216
354;445;7;40;41;216
211;445;136;440;122;295
183;498;445;136;406;444;110;573;446;428;451;203;268;358;365;376;319;425;216
451;203;268;425;426;216










216;69;577;283;305
216;69;577;283;305


445
445


14;128;398;350;90;596;193;216
445
14;128;398;350;90;596;193;216


350
350


448
448


448
448
451;425;268;107;354;216
183;498;354;451;268;107;425;216
183;498;354;451;268;107;425;216
445;11;12;85;385;296;164;224;216
149;148;158;265;379;316;238;354;216
445
445
445
445
445
445
350
350
448
448


445
445
445
445
445
445
445












445
445








350
350


183;234;369;304;445;7;40;113;136;406;609;59;478;216
445
445
445
445
445
445
448;93;228;275;456;216
183;234;369;304;445;7;40;113;136;406;609;59;478;216
448;93;228;275;456;216
183;498;369;304;445;113;406
183;498;369;304;445;113;406
343;100;354;451;425;216
448;444;350
448;444;350
343;100;354;451;425;216
216;283;305
216;283;305
149;148;201;316;140;265;379;238;445;451;216
445;70;76;181;444;216
445;406;40;14;128;471;216
293;210;430;449;77;350;90;193;492;448;220;339;552;183;177;14;471;60;402;216;26;126;184;369;635
448;220;29;339;30;227;149;316;140;570;423;14;471;60;216
350;90;448;220;451;268;329;424;216
343;100;349;139;284;216;369
451;429;154;237;204;269;371;377;320;531;149;148;343;573;446
149;148;201;265;579;379;316;216
149;148;201;265;579;379;316;216
183;498;445;122;136;440;451;203;268;329;319;424;429;216
445;13;40;385;296;216
183;498;343;100;350;89;90;369;304;450;240;451;425;216
183;177;350;90;193;445;76;122;136;15;119;224;325;406;216
183;177;350;193;445;41;70;136;449;216
310;354;449;231;496;4;84;216
572;442;415;166;445;76;136;406
445;76;122;136
445;8;76;86;122;136;119;224;295;315;440

238;574;476;343;216
14;128;109;350;90;445;76;180;406;440;444;110;448;220;227;339;438;481;216

448;171;227;404;216


14;128;350;90;193;445;440;444;110;448;30;220;216
354;369;304;451;268;376;426;216
343;100;369;311;445;40;41;444;110
572;9;545;546;216
445;183;177;216;577;283

445;40;385;125;136;119;216
343;100;444;110;449;231;496;4;335;216
451;425;203;268;333;329;354;216;213;350
183;498;445;41;406;216
354;369;62;444;110;451;268;329;333;391;426
183;498;369;304;445;7;113;406;216






445;444
445;444
449;595;231;350;90;193;492;121;594;216;577;283;305
449;595;231;350;90;193;492;121;594;216;577;283;305
445
445
445;40;406;216
350;90;192;193;448;438;481
350;90;192;193;448;438;481
444;110;445;40;406;451;425;310;216


448;93;451;429;203;216
445;76;136;406;216
448;220;598;216
445;444
445;444
449
449


445
445
448;45;216
448;45;216
183;498;451;429;203;268;262;329;376;391;319;558;556;354
149
451;425;343;44;100;413;14;128
445;40;388;216
350;90;596;193;492;121;594;216;577;283




154;153;310;343;100;350;90;193;449;231;276;451;203;268;376;429;216
350
350
445;13;406;444;110;216;26;638;636
444;110;451;425;203;268;262;338;437;354;216
445;40;406;609;478;59;216;69;283
14;128;183;308;350;90;444;216
145;146;151;266;260;328;332;149;148;156;265;259;327;331;444;110;451;203;268;262;329;333;319;429;216
343;44;100;464;292;349;284;354;445;76;216
145;151;266;332;375
350;193;449;231;496;216
14;128;445;40;57;406;444;110;216
350;90;596;193;633;154;152;237;343;100;216;577;283
445;7;76;85;385;296;216
354;369;321;94;445;7;40;180;181;343;216

350;90;193;451;634;429;14;128;216;26;126;243;354
14;128;109;145;146;317;216
149;148;157;158;201;316;216
288;536;291;434;216
14;398;400;238;343;100;258;451;203;429;216
445;136;70;162
445;76;136;122;216
369;94;387;238;354;216
350;193;192;448;474;45;451;424;14;128;109;216
445;13;406;216
445;41;406;216
451;429;425;343;100;26
445;40;136;406;444;216
183;498;451;429;203;268;262;329;376;391;319;558;556;354
343;100;350;89;90;192;193;444;110;451;429;216
445;40;7;181;369;304;444;451;216
343;100;349;139;284;369;304
445;40;406;216
444;110;445;40;406;451;425;310;216
448;93;451;429;203;216
445;76;136;406;216
448;220;598;216
445;13;406;444;110;216;26;638;636
444;110;451;425;203;268;262;338;437;354;216
149;382;444;23;110;451;203;319;424;429;343;216
350;90;193;14;128;310;216
445
445
350;90;193;14;128;310;216
350;90
350;90
350;596;492;121;523;216;577;283
350
350
350
350
449;595;231;149;148;201;265;331;316;444;110;14;128;216
449;595;231;149;148;201;265;331;316;444;110;14;128;216
448;445
448;445
445;40;7;216
445
445
445
445
445
445
445
445
445;444
445;444
445
445
145;151;202;266;183;498;14;128;354;216
445
445
14;128;445;13;7;216
445;76;406;444;110;14;128;216
445
445
445
445
445
445
445;76;406;444;110;14;128;216
14;128;445;13;7;216
350;596;492;121;523;216;577;283
445;40;7;216
216;577;283;305;26;126;243
216;577;283;305;26;126;243
445
445
445
445




149;158;161;201;316;452;216
149;158;161;201;316;452;216
145;151;202;266;183;498;14;128;354;216
149;148;157;265;488;566;150;219;610;79;354;571;433;483;233;343;216
445;40;406;14;621
445;40;406;14;621
451;429;238;310
451;429;238;310
451;425;429;238;310;216
451;425;429;238;310;216
445
445
445
445
445
445
350
350
445;444
445;444
350;618;193;26;126;184;448;93;216
445
445
451
451
451;425;216
451;425;216
343;44;100;298;451;429
343;44;100;298;451;429
445;40;7;216
445;40;7;216
445;76;136;385;216
445;76;136;385;216
448;227;404
448;227;404
445;76;180
445;76;180
451;426;268;376;354;216
451;426;268;376;354;216
183;498;451;429;238;310
183;498;451;429;238;310
350;618;193;26;126;184;448;93;216
445
445
445
445
445
445
445
183;498;310;349;54;139;463;216
445
445;113;7;369;304
445;113;7;369;304
445
445
445
445
445
445
445
445
451
451
445
445

350;444
149
149
149
149
149
149
149;148
149;148
445
445
445
445
350
350
449
449


350;90;596;193
350;90;596;193
343;100;350;89;90;444;110;451;425;216
149;148;316;265;379;238;354;145;574;499;476
369;304;62;167;509;354;238;445;70;41
448;445;451;425;426;203;268;343;232;14;128;5;26;126;214;369;94;304
14;128;109;127;96;95;134;285;384;489;121;183;177;182;308;310;350;492;445;40;444;23;110;448;30;93;276;216
350;90;89;445;41;70;136;180;181;388;385;325;12;11;122;448;351;145
445;38;325;406;216
14;128;449;231;496;4;84;111;445;40;7
14;128;402;445;136;164;216
14;128;5;350;193;192;310;445;40;7;444;110;448;220;404;209;30;494;438;481;183;177;216
149;148;158;161;201;230;265;326;331;316;216
14;128;350;192;193;451;429;216
445;41;136;181;406;216
451;628;425;429;268;329;333;216;577;283
451;628;425;429;268;329;333;216;577;283
570;423;445;70;136;180;181;216
570;423;445;70;136;180;181;216
445;70;136;119;369
445;38;40;70;136;164;422;448;45;93;220;221;339;456;216
445;41;136;180;181;216
350;192;193;451;203;268;107;391;319;425;216
343;100;444;110;448;108;228;297;456;481
451;429;425;203;319;268;333;329;354
451;425;268;333;329
451;425;268;333;329
149;148;201;265;379;238;354;216
14;128;566;150;155;232;431;448;135;220;228;456;459;481;216
14;128;566;150;155;232;431;448;135;220;228;456;459;481;216
448;30;45;96;95;285;293;430;444;110
96;95;444;110;448;45;220;228;351;494
96;95;444;110;448;45;220;228;351;494
96;95;444;110;448;45;220;228;351;494
96;95;444;110;448;45;220;228;351;494
14;128;445;136;190;551;216
445;41;136;181;180
14;128;183;498;343;100;464;451;425;429;216;570
451;426;203;319;268;333;329;354;444;110;23
350;193;90;192;89;573;446;427
14;128;445;11;12;70;85;122;136;164;180;181;325;385;388;440;444;110;448;351;451;203;268;424;429;183;216
14;128;445;11;12;70;85;122;136;164;180;181;325;385;388;440;444;110;448;351;451;203;268;424;429;183;216
14;128;445;11;12;70;85;122;136;164;180;181;325;385;388;440;444;110;448;351;451;203;268;424;429;183;216
149;158;201;316;265;379
14;128;149;148;201;265;331;579;316;343;100;216
14;128;149;148;201;265;331;579;316;343;100;216
26;126;214;121;350;492;444;23;110;448;93;130;220;297;337;339;435;438;276;451
448;227;216
445;85;136;550;385;296;216
350;492;193;192;451;425;183;498;308
350;192;193;444;110;449;231;451;216
154;152;343;100;369;458;216
445;136;180;70
445;40;41;98;180;216
149;148;156;157;158;201;265;235;316;445;136;119;216
14;128;183;498;343;100;444;110;448;209;220;297;481;232;216
14;128;127;445;41;136;385;406;216
14;128;448;228;497;297;481;288;434;451;424;203;268;319;444;110;349;139;445;350
14;128;448;228;497;297;481;288;434;451;424;203;268;319;444;110;349;139;445;350
232;431;340;97;445;70;122;136;325;385;440;216
445;136;119;70;388;180;181
14;128;445;70;181;325;216
445;41;136;180;406;216
14;128;183;308;498;445;70;136;325;440;369;216
350;90;596;193
350;90;596;193
448;220;474;45;216
448;220;474;45;216
444;110;451;319;183;14
449
449
216;577;305;574;163;447
216;577;305;574;163;447
445
445
445
445
350
350
216;577;283;305
216;577;283;305
448;171
448;171
350;90;193;183;498
444;110;445;40;406;216
444;110;445;40;406;216
445;99;41;180;385;216;577;283
445;136;119;216
350;90;193;183;498
451;425;429;203;319;268;358;365;376;343;100
183;308;498;445;136;406
216
445;7;136;119;385;296;216
445;7;136;119;385;296;216
448;228;220;339;456;481;343;100;445;70;41;181;180;136;388;325;406;12;11;85;122;232;431;149;148;201;265;331;340;97;145


445;76;136;502;440;216
445;76;136;502;440;216
343;100;298;183;498;369;311;216
343;100;298;183;498;369;311;216
183;498;445;136;406;444;110;573;446;428;451;203;268;358;365;376;319;425;216
450;240;216
445;41;98;70;180;181;183;216
570;423;222;445;385;449;77;50;216
444;110;448;45;220;228;351;459;481;216
444;110;448;45;220;228;351;459;481;216
445;385;296;216
183;498;445;136;325;406;451;203;268;107;319;424;426;429;216
183;498;445;136;325;406;451;203;268;107;319;424;426;429;216
448;337;216
343;100;258;292;354;445;451;369;216
566;155;343;100;445;8;136;180;451;203;268;319;426;483;369;484
574;163;39
445;11;12;85;385;296;164;224;216
445;41;136;385;406;451;203;268;329;333;319;424;216
445;41;136;385;406;451;203;268;329;333;319;424;216
14;128;369;311;445;41;136;406;216
14;128;369;311;445;41;136;406;216
14;128;369;311;445;41;136;406;216
448;438;337;216
149;161;451;429;425;310;449;216
445;136;406;216
451;425;310
145;141;287;310;238;369;304;445;13;41;444;110;23
350;90;193;448;93;220;445;41;70;451;425;154;152;14;216;577;283
350;90;193;448;93;220;445;41;70;451;425;154;152;14;216;577;283
445;41;136;180;181;385;216
149;148;445;11;12;136;440;216
449;595;4;335;496;216
350;444;369
350;444;369
445
445
445
445
444;110;369;94;354;216
350
350
350;448
350;448
449;350;448;444
449;350;448;444
216;577;305
149;382;444;23;110;451;203;319;424;429;343;216
149;148;201;105;265;356;362;316;343;100;369;232
149;148;201;105;265;356;362;316;343;100;369;232
14;128;445;180;216
14;128;445;180;216
369;304;445;136;325;406;444;343;216
445;406;451;425;216;577;283
14;128;26;126;214;145;146;154;152;343;100;369;94;304;445;7;444;110
14;128;26;126;214;145;146;154;152;343;100;369;94;304;445;7;444;110
445;76;180;181;440;448;45;209;337;444;216
445;13;41;136;216
445;13;41;136;216
445;13;41;136;216
445;13;41;136;216
448;30;481;343;216
448;297;337;435;438;481;343;216
14;128;445;40;136;216
14;128;445;40;136;216
445;40;41;495;216
445;40;41;495;216
445
445
445
445
445
445
445
445
445
445
451
451
451
451
445
445
445
445
444;110;449;595;231
444;110;449;595;231
149
444;110;369;94;354;216
149
350
350
448;404
448;404
451
451
343;44;100;298;464;292;183;498;609;241;478;26;126;243;225;451;425;238;216
445;13;40;136;119;385;406;216
183;177;14;128
369;304;321;542;216
350
350
449;595;4;335;496;216
149
149


448;220;404;216
445;444
445;444
350;444
350;444
350;90;193;448;220;216
445
445
445;76;70;136;440;216
444;110;350;90;193;14;128;310;216


445
445
445
445
445;40;7;216;26;638;636;369;304;311
445;40;7;216;26;638;636;369;304;311
448
216;577;305
445
445
448
448
448
445
445


149;148;265;579;379;354;216
149;148;265;579;379;354;216
445
445
343;44;100;298;464;292;183;498;609;241;478;26;126;243;225;451;425;238;216
445;40;7
14;128;445;13;406
445
445
350;596;193;492;609;478
350;596;193;492;609;478
445;40;7;354;216
445;40;7;354;216
350;90;193;448;220;339;216
350;90;193;448;220;339;216
445
445
149;148;265;216
149;148;265;216


445
445
445
445
445
445
445
445
445
445
445
445
445
445
445
445
445
445
445
445
445
445
445
445
445
445
448;171
350
445;444
445;444
445;13;40;136;119;385;406;216
183;177;14;128
369;304;321;542;216
448;220;404;216
350;90;193;448;220;216
445;76;70;136;440;216
445;40;7
444;110;350;90;193;14;128;310;216
14;128;445;13;406
343;100;464;451;429;310;216
343;100;464;451;429;310;216
444;110;350;90;193;448;339;227;445;76;406;216
350;90;596;193;448;220;404;445;76;406
350;90;596;193;448;220;404;445;76;406
448;220;18
149;148;201;265;579;379;354
445;40;406
445;40;406
350;90;596;193
445;40;406
445;40;406
448;30;445;76;136;11;12;122
445;40;136;216
445;40;136;15;406
445;40;136;15;406
445;76;406
445;76;406
14;128;445;76;113;7;406;216
350;596;193
350;596;193
445;40;406
445;40;406
14;128;369;62;354
445;76;406
445;76;406
445;76;136;119;216
445;40;7;369;304
445;40;7;369;304
445;40;406
445;40;406
444;110;14;128;471;451;429;203;268;333;376;354
444;110;14;128;471;451;429;203;268;333;376;354
444;110;445;40;406;216
444;110;445;40;406;216
444;110;350;90;193;609;478;216
444;110;350;90;193;609;478;216
445;444
445;444
445
445
445
445
448;350
448;350
445
445
451
451
445
445
445
445
445
445
445
445
448;445;444
448;445;444
445
445;40;406
445;40;406
445

445;40;406
445;40;406


145;151;266;332;363;444;110;343;100;298;238;354;216
445;13;406;444
445;13;406;444



445;40;7;369;304
445;40;7;369;304


445;40;406
445;40;406

445;369
445;369




350;620;618;14;128;471;448;220;339;438;481;445;76;325;216

445;40;406;444
445;40;406;444
444;110;350;90;193;448;339;227;445;76;406;216
448;220;18
149;148;201;265;579;379;354
350;90;596;193
448;30;445;76;136;11;12;122
445;40;136;216
14;128;445;76;113;7;406;216
14;128;369;62;354
445;76;136;119;216
145;151;266;332;363;444;110;343;100;298;238;354;216
445;40;406
445;40;406
350;620;618;14;128;471;448;220;339;438;481;445;76;325;216
145;151;202;266;375;354
445;76;385;216
445;40;406
445;40;406
445;76;136;440;216
350;90;448;93;29;45;570;423;451;424;203;216
449;350;448;444
449;350;448;444
350;90;193;14;128;448;227;404;438;481;445;76;136;86;440;216
445
445
445
445
445;40;7;216
445
445
350
350
445
445
445
445
448
448
445
445
14;128;448;220;227;404;438;216
14;128;448;220;227;404;438;216
14;128;445;40;136;119;216
14;128;445;40;136;119;216
343;100;451;425;216
343;100;451;425;216
343;100;258;451;425;216
448
448
445
445




































448
448


445
445
445
445
448;445
448;445
448;445
448;445
445
445


445
445
448;445
448;445
445
445
445
445
445
445
451;425;268;376;354
343;100;258;451;425;216
350
350
350;444;451
350;444;451
350
350
445;76;180
445;76;180
445;40;7;216
445;40;7;216
451;425;203;354
451;425;203;354


445;70;76;181;444;216
445
445
14;128;448;227;404;435;438;474;216
445;40;7;216
14;128;448;227;404;435;438;474;216
350;90;448;93;29;45;570;423;451;424;203;216
445;76;136;440;216
445;76;385;216
145;151;202;266;375;354
14;128;451;425;310
14;128;451;425;310
445
445
445;40;136;216
445;40;136;216
350
350
14;128;471;448;220;55
14;128;471;448;220;55
451;425;268;376;354
445;76;136;325;440
445;76;136;325;440
350
350
350;90;596;193;14;128;216
445;40;406
445;113;7;444;110;14;236;609;3;241;369;304
14;128;471;398;216;574;499;238
445;40;7;14
445;40;7;369;168
350;90;193
449;595;231;496;350;90;193;448;228;459;444;110
445;40;76;406;444;110;14;623;622;621;216
444;110;566;159;270;372;378;354
350;90;596;618;193;492;448;93;220;438;451;425;429;319;203;444;23;110;14;128;109;471;216;310
451;425;343;44;100;238
154;237;269;377;14;354
448;93;307;451;429;319;14;216
451;424;429;203;268;329;333;319;558;183;498;14;354
149;148;158;161;201;316;140;452;216
293;210;14;216;573;427;446;310
445;76;7;14
350;620;448;93;445;76;627;7;136;444;110
451;628;425;429;203;319;444;110;183;498;216;238
183;498;14;471;149;148;201;316;265;379
14;398;149;148;201;265;327;331;389;340;97;354;445;76;136;216
145;146;202;266;332;375;390;317;354
149;148;265;379;579;238;354;145;266;216
448;227;404
445;76;136;122
343;100;298;292;216;573
445;76;136;122
451;425;310;238;216
350;445;444
149;148;201;265;327;356;362;379;14;236;238
216;577;283;305
216;577;305
350;90;596;193;448;228;459
445;99;41;180;181;149;148;265;235;579;14;128;354
350;89;192;216;354
216;283;299;305
350;90;193;448;227;404;337;438;474;445;76;136;119;180;11;12;315;86;122;288;536;291;451;425;429;268;329;333;376;232;431;183;177;216;369;304;311;321;354
350;90;193;448;227;445;76;406
445;76;136
445;86
445;76;136;86
445;76;325;406
448;45
14;128;445;76;325;448;227;404;451;424;216
149;148;265;579;238;354
149;148;265;579;379;238;354;216
14;128;445;76;136;15;180;181;406;440;444;216
350;193;609;59
445;406;40;216
369;304;445;406;216
448;18;220;451;216
445;76;180;181;406;448;227;216


445
445
149;148;201;316;265;579;379;216
149;148;201;316;265;579;379;216
149;148;201;316;265;579;379;216
445;406;40;216
445;406;40;216
